2 7 9296 11176 9096 6151 9174 14 6115
1 11 6217 305 6297 3139 359 146 11193 11133 3041 11179 6
1 8 11105 9129 11172 9094 169 3117 11126 3122
2 6 3460 17 3381 279 3324 389
2 7 9269 11317 11270 351 11299 11378 9392
2 6 11542 9429 494 445 3485 9570
2 12 11724 11566 3413 481 9442 9459 6503 3489 509 500 11459 11450
2 3 11420 485 11563
2 5 9508 493 9439 9532 3460
2 9 6516 520 11474 3529 6527 3505 9516 9540 11555
2 4 6390 537 3207 11505
1 5 3152 567 83 3174 11291
2 5 3569 569 11556 9429 11542
2 5 11702 3948 752 11718 3771
1 7 11658 9697 768 781 6482 11733 528
1 5 3823 11738 788 6943 4168
2 7 980 970 11805 3861 799 6924 9817
2 6 9817 889 845 874 6867 3874
2 5 9833 6895 3879 849 11905
2 8 3981 3904 9899 861 9841 11850 6947 3932
2 5 7183 1178 875 3871 6896
2 9 4140 9843 6969 881 11801 6937 6988 10499 12348
2 13 4140 9843 11822 900 3830 9905 3814 6898 934 3934 9788 6951 987
2 6 11834 911 3928 3959 11721 770
2 5 925 967 9924 782 6793
2 6 4052 10065 11915 1003 12040 7125
1 5 1145 9964 1013 11923 7132
1 8 7045 12054 1132 1019 11927 10047 7012 10029
1 12 7209 9980 1118 1041 4047 10046 10117 12088 4057 1198 4200 7063
2 5 11969 7180 1046 1160 7081
2 6 9896 6906 6856 11884 1093 10024
2 3 792 1108 10087
2 8 4172 7217 10128 12007 1117 11930 4067 7169
2 5 10074 3857 1156 4159 9990
2 10 4075 4119 1157 7093 10004 1018 4023 7135 4160 1070
2 7 12084 12057 1193 10084 12030 7199 10057
2 5 1120 1162 1202 1047 4189
4 9 7387 10285 4396 12283 4216 12905 1208 1304 1316
2 5 12521 1294 1775 1292 4242
2 7 4388 1308 1281 12201 1394 1337 4371
2 3 4361 1342 10279
1 7 1323 10273 1393 1408 4428 10157 7315
2 7 10239 10211 7298 1418 12619 10568 1709
1 10 12364 10402 12394 12409 1639 1596 12998 10935 11021 8215
1 7 7315 12214 10327 1690 12673 4778 9616
1 4 3010 6754 1763 7858
1 4 4785 1837 4782 7744
2 7 10627 1877 7773 10669 4777 10563 10695
2 8 10928 12991 5065 12840 1964 1905 8094 10833
2 4 1976 2006 7911 1933
1 5 12865 10728 2075 1988 13087
1 3 5107 2132 2228
1 6 7185 5239 2947 7901 13075 2407
1 10 11159 9118 3033 6094 9231 2998 6210 3185 193 9104
1 7 312 3168 9248 3092 11038 9055 9045
1 5 158 6212 9106 3125 9104
1 4 165 3013 3131 52
2 3 9122 3220 346
1 6 223 3210 3278 236 6305 3226
1 5 372 3365 228 6323 9385
2 3 4003 3456 1179
2 12 508 432 11552 11469 11455 3618 464 615 11578 3622 11736 757
1 5 11800 6705 3687 6707 11654
2 12 885 903 9872 3920 3918 920 3725 11843 729 11692 6955 758
1 3 7462 3732 3712
3 7 6613 780 3768 764 9738 6780 770
1 8 12663 12603 3769 4863 7880 4857 12585 4860
2 6 3932 3913 916 11808 11771 987
2 8 940 11860 6877 909 3951 11831 856 11867
2 5 10444 7532 3962 9859 6994
2 5 6938 3967 6995 11881 11894
1 3 863 3973 3844
2 5 3924 3974 984 6611 3601
2 8 7011 10073 7164 4076 4145 1071 11910 10061
2 7 10057 7199 1053 4081 1078 1162 1120
1 6 7170 7151 10089 4017 4115 12101
2 6 7137 7650 4134 4628 4085 1884
1 5 7045 12054 4168 6943 788
2 5 11941 7152 4189 1047 1202
2 6 7376 4639 1324 4302 12460 1592
2 6 10267 1330 12127 4336 1403 12125
2 7 12268 10322 1274 1313 4320 4361 1342
2 10 1308 1281 12201 1394 1337 4371 10156 12144 1291 7342
2 9 12279 4228 1311 1340 4373 1224 4269 1293 12188
2 8 7341 4394 1429 4376 4227 4374 4300 4581
2 5 10278 7436 4420 10808 8011
2 6 8087 4472 12114 4280 1228 4237
1 4 11760 11776 4601 1445
1 4 1594 4641 7632 7660
1 5 7711 4651 7856 10550 10680
2 8 10682 4836 12377 7533 4453 4658 7649 1570
2 5 12594 4867 12635 7784 10680
2 5 2028 5100 12327 12732 2022
1 4 12984 5121 12954 5169
1 9 312 6102 6051 9187 6075 3157 6097 11189 3124
2 17 9151 205 130 9088 182 3113 11067 9220 9143 6083 9108 6165 6125 9147 11125 11164 162
1 8 9100 9206 6186 3061 3161 204 6009 11105
2 8 11368 11242 3292 6262 6396 6290 9348 3290
2 8 342 9289 6233 6344 6373 6344 9288 546
2 6 9508 9400 467 6416 3458 3559
2 5 13068 516 6560 6446 11483
2 4 546 9506 6508 9477
1 5 759 9720 6760 6758 757
2 5 770 3772 6788 3773 6790
2 9 3981 3852 6922 959 6822 898 6944 11879 957
2 12 1866 6827 12550 1734 6767 7899 4775 10718 1782 4869 7366 9467
1 4 11782 6882 3878 859
2 6 7169 12056 3848 6994 9859 3962
2 5 10070 7069 11943 1102 7203
2 4 12051 7081 1160 1046
2 4 4150 7132 11923 1013
2 7 747 10063 7068 9979 7153 10094 7183
1 7 4872 4426 9615 6728 7185 5239 2947
2 7 9965 12028 7197 7046 10092 4027 1025
1 7 1821 12567 7228 1704 10720 4846 7796
2 8 12232 4401 1396 1423 7303 1423 12288 7376
1 4 7315 7386 10271 10183
2 11 12110 1225 10266 7355 7299 4236 1404 7415 12243 7358 10240
2 8 10239 4232 7425 10179 1243 1312 10508 12329
2 11 1373 12212 12343 12181 7327 7463 12302 10522 8360 12488 7658
2 7 12485 4506 1645 7526 10433 12412 10503
2 9 3427 10451 7631 10424 12403 7545 12403 7158 10480
2 5 1453 7552 7524 4464 7668
1 6 7630 7617 4624 4611 12878 13087
2 4 10671 7639 756 7584
1 5 4598 10484 7660 7632 4641
1 9 1727 1829 10596 7828 7726 12608 12538 12611 7765
1 3 8113 7968 10912
2 16 1652 4630 1540 1511 12323 4645 10971 5125 8152 2201 10958 10937 12311 12326 1431 7669
1 3 650 8222 12984
2 20 7564 7535 7522 4481 12308 10475 10487 10460 12411 12382 8230 2187 12957 1514 2139 4487 4462 7457 12499 1410
1 11 11159 9118 6094 11092 155 11212 3078 9045 9055 11038 3092
1 13 9151 9035 3108 9154 6129 113 3191 202 9068 10 133 3136 6160
1 8 6115 11078 9157 11028 9227 11206 9139 3022
1 10 3022 6118 3096 9216 11100 9127 3180 3188 3114 122
1 5 265 6342 11246 9262 6314
2 8 389 9263 11343 11372 9361 9334 6309 6390
2 12 6450 11308 11364 208 380 3196 3276 9338 392 9354 11339 372
2 8 11563 9434 6599 11535 539 527 9495 11465
3 6 6103 507 9458 6489 6351 3369
2 4 11450 9461 9476 523
2 6 11542 9569 9541 543 6723 704
1 6 6710 6769 9684 695 11637 870
1 4 3717 6736 9691 714
2 6 6878 6901 9840 11838 11697 743
2 6 10102 4071 1154 9971 1029 4082
2 6 1093 10024 10109 4065 12038 747
2 8 940 11860 3876 11907 10041 3927 928 11848
1 8 7079 9989 11967 10061 11910 1071 4145 4076
2 5 4140 11761 10068 4137 11944
3 6 7376 7319 10177 10134 4251 12264
2 6 10278 10149 12164 10246 7363 12275
2 5 12090 1014 3651 10182 10223
1 5 3513 12211 10183 10271 7386
4 9 7387 7371 1335 4338 7358 10240 7358 12243 7415
2 4 1976 10257 4167 2091
4 7 1316 10282 12955 8221 12280 10138 12110
1 6 1410 1422 12290 10288 4415 7669
2 5 12329 7597 4636 10366 10148
1 6 4533 10405 1529 1542 7594 10447
1 8 12357 9657 926 1760 10526 3699 1719 1866
1 7 1727 7838 4815 10664 1803 7802 1697
2 9 1725 12614 12544 10695 10563 4777 10669 7773 1877
2 7 5010 8036 10775 13248 4995 2063 10928
2 17 9151 205 130 9088 182 118 9093 3100 3062 11190 148 3054 11155 3095 11060 6130 91
1 7 71 11109 9212 6225 248 11234 207
2 7 9209 6164 9054 11114 9138 179 6160
1 5 158 11121 195 66 3172
2 7 9392 9383 6300 3150 11136 11207 9161
1 6 9097 11080 11032 11139 117 71
1 5 165 11043 136 11141 9104
2 7 9151 11040 11147 3045 9117 9193 11197
2 6 6115 3171 11151 171 6310 383
2 9 6050 11163 35 3106 11197 9193 9117 3045 11147
2 5 11370 11216 3759 11341 3309
1 7 9221 6178 308 11291 3174 83 567
2 8 546 6589 11229 11325 371 398 3390 3226
2 4 6389 11331 11305 9294
1 10 9291 11340 12 11180 73 9180 3017 3186 11192 11110
1 10 372 9514 11496 355 3328 11389 6308 12172 4283 1305
2 10 525 504 9465 11424 9451 6480 9435 9576 11705 11686
1 7 757 9753 6620 11429 9455 6486 6516
2 7 11683 574 11561 9419 11422 11437 453
2 13 11450 11459 500 6544 6566 11555 9540 9516 3505 6527 3529 11474 520
1 7 3734 11729 11668 6741 9680 9677 6704
2 6 11683 11546 11703 9698 11670 6727
1 8 9716 6747 11672 3728 9685 6731 9672 6714
1 8 6845 6869 11785 9804 847 3850 880 11800
2 6 921 3807 11844 804 9844 6938
1 6 10492 7612 10437 11975 1547 10029
2 6 7121 4056 12060 1054 12085 10110
1 11 4345 9601 7291 12149 7433 1284 12291 4362 634 12289 1424
1 9 7341 10253 12179 12108 10131 12233 7541 10395 1614
2 9 4241 7445 12217 12160 12188 1293 4269 1224 4373
2 9 10236 12236 10306 1372 12279 4228 1311 1340 4373
1 3 9450 12312 12357
1 4 10362 12336 10347 7638
2 5 4987 5310 1656 12338 8010
2 13 10655 7801 4246 4701 12638 9659 4844 12559 7868 4841 7249 9733 4404
2 6 4801 12686 4729 12669 10689 4783
1 5 4872 12688 3721 12593 12663
2 8 2046 7989 12725 10902 4910 7156 1064 12071
2 7 2022 12797 4313 11448 7270 10490 10750
1 8 12997 12983 2212 13316 13279 13278 8191 10940
1 4 6 6202 3102 11110
1 11 6 9145 3000 1307 11170 12175 11111 12187 12527 1754 7375
1 10 6 6121 11203 4298 12558 7898 12393 10677 4774 7796
1 9 6 6121 9225 1295 10579 7712 10723 11119 6040
1 5 71 6035 3110 9060 194
1 10 71 6035 3110 9060 6131 11093 93 3085 6189 3124
1 17 91 11050 3058 3082 6107 9191 11169 9128 11104 9064 6092 9116 9140 6117 11183 3134 11117
1 6 104 4640 11443 11127 11426 3152
1 5 105 10207 3147 6192 9041
1 4 105 9205 11119 6040
1 4 158 11081 30 162
1 6 158 11081 11041 3026 3153 6045
1 8 162 124 3055 11115 11130 3058 11050 91
1 6 177 7123 9377 4450 13084 4155
1 8 194 6131 172 9184 3142 9082 3084 11159
1 5 194 9177 11154 3176 333
1 3 207 387 323
1 6 223 306 3362 6387 9272 3279
1 3 223 6354 3331
1 6 223 11290 11353 354 11234 207
1 3 291 273 1305
1 4 291 12130 10136 10142
1 2 291 6285
2 3 294 11322 342
1 4 294 6220 6371 6249
1 3 312 11171 3065
1 3 312 3338 9041
2 2 321 9388
1 2 323 6249
2 2 342 3331
2 2 346 11338
2 8 346 252 11205 231 6346 11236 9256 6245
2 7 346 6247 6135 6358 11252 6370 9291
1 7 367 340 11296 11323 9367 6369 6317
1 7 367 3389 3266 9324 3371 11262 6391
1 9 367 3389 3266 6329 376 9276 6343 9407 11344
1 4 367 313 9422 11408
2 2 377 407
2 6 377 253 311 9364 3205 6384
2 5 383 3307 6412 9362 6345
2 3 385 11257 11371
2 4 389 3380 6402 6332
2 4 389 3324 3295 3230
2 5 389 334 11260 9252 9387
1 3 402 9544 3392
1 4 402 290 11247 347
1 4 413 9448 6553 9529
2 9 453 11405 588 3573 737 568 3722 705 3686
2 6 478 11415 3572 6595 552 9570
2 3 478 514 573
2 6 488 9491 9519 559 9413 3455
2 4 488 3468 6451 6423
1 2 495 6535
1 6 495 9482 529 9486 6488 589
1 4 495 9443 11431 564
2 3 506 11467 9457
2 4 506 3586 9427 11398
2 7 508 432 11552 11442 6615 9453 642
2 3 512 9507 6547
2 7 512 3493 11631 9629 651 11869 629
2 4 525 3494 11454 488
2 4 525 3543 550 11514
2 10 525 3543 9568 11453 3203 3293 331 386 216 11370
2 4 525 489 3568 546
1 5 541 11679 6561 9537 6573
2 4 573 514 11481 3535
2 4 587 3444 6500 6496
2 5 587 3547 11470 9575 11531
2 3 587 6469 495
1 5 589 6488 3524 11533 564
3 3 603 3604 11584
2 4 603 3776 773 3780
2 2 603 9598
2 3 620 6618 3771
2 7 620 3626 651 9629 11631 3493 512
2 3 620 625 629
2 3 629 655 6657
2 8 642 475 10262 7641 12383 10406 7563 7477
2 7 642 475 10262 12474 7541 10395 1614
2 3 648 11794 6613
2 7 648 9625 9609 6644 6648 3621 620
1 6 650 5191 8194 5228 11000 5171
2 4 653 9648 11630 686
2 7 653 3673 3674 668 671 11618 9633
2 4 653 9648 6690 11666
2 3 653 9596 3631
2 3 663 11604 9620
2 5 663 11623 6680 6678 9633
2 5 663 11640 6712 6542 3530
1 5 684 11646 679 646 9606
2 4 684 6700 9621 3617
2 3 686 9661 11666
2 3 686 3700 9692
2 7 686 11630 6672 665 596 9596 3631
2 3 687 9635 657
1 5 730 11644 9656 6682 9640
2 4 730 3713 6751 6573
1 2 740 11688
1 3 743 6756 740
1 6 758 3761 6764 9719 13218 11707
1 6 759 745 728 712 683 3682
2 11 770 6780 3782 776 6635 3641 9600 658 661 11623 663
2 8 770 6780 3782 776 6635 636 9618 9620
2 5 770 6780 9745 778 9603
2 5 772 11599 11617 11647 9663
2 2 772 3653
1 4 792 11919 1065 7107
2 6 818 11588 6652 11657 3649 9606
2 6 818 11588 6652 11657 630 6634
2 2 819 955
2 5 819 11803 883 6843 9784
2 3 819 9826 3923
1 3 859 3878 9847
1 5 863 11786 9916 9805 10203
2 5 864 6935 4583 12320 12450
2 3 864 6935 1636
1 2 870 689
1 4 878 9862 6923 3937
1 4 878 9862 9888 9902
1 2 878 11905
2 6 885 903 6936 9827 9846 3874
2 5 885 9870 3859 11766 6878
1 4 885 11852 3902 932
2 4 885 11854 13220 11688
2 7 919 3903 6950 6919 9868 9954 11853
2 3 919 3935 11894
2 3 921 3964 919
2 6 921 3807 3862 804 11747 11784
2 4 921 6888 9761 3890
2 4 921 6888 3921 886
2 2 925 9838
1 4 932 3735 13233 740
2 4 940 11792 9901 11784
2 7 940 11792 869 9763 10056 11810 11746
2 8 949 965 793 3796 9610 9612 649 9783
2 3 949 3908 3937
2 4 949 935 907 3882
1 5 949 965 11868 11887 9906
2 6 949 965 9771 9756 630 6634
2 5 955 851 3968 10027 12098
2 4 964 6918 6851 1150
2 3 980 3866 3790
2 4 987 9781 11764 964
1 3 988 10951 1950
1 4 988 10883 12824 12830
1 4 988 7931 6008 3109
2 5 1034 7208 5007 7301 1976
2 5 1055 11947 9944 1066 7054
2 4 1055 11947 9944 4070
3 4 1067 11960 7072 12031
2 3 1068 4143 10126
2 6 1068 7188 7030 10028 1151 12071
1 8 1068 10031 7144 11974 12044 10097 1206 12771
3 7 1070 4160 7135 4023 1018 11926 7137
2 5 1083 7035 1153 4185 7054
2 4 1083 7035 9959 4619
2 3 1092 11946 4197
2 4 1092 7050 11985 1025
2 6 1120 1162 1078 7141 7099 12084
2 3 1121 1076 4082
1 3 1149 4194 7209
2 3 1170 2061 7400
2 5 1170 7562 7469 12492 12335
2 4 1170 12363 10920 4425
2 4 1179 8066 8098 5105
2 4 1179 7917 12774 13082
2 5 1179 5043 12761 5075 2101
3 2 1182 9998
2 6 1182 993 7016 4118 1024 7169
2 3 1199 4971 4149
1 3 1205 976 863
1 3 1205 12001 1106
2 4 1297 1794 11410 12594
2 3 1297 12515 1369
2 4 1297 4803 1779 4800
1 6 1305 4354 1378 1406 4294 7341
1 4 1305 4354 12270 12298
1 4 1323 1737 4343 7677
1 4 1323 10644 1411 7858
1 5 1363 7357 10170 1327 4242
2 8 1363 10312 10168 10140 12198 12227 7313 7341
1 4 1363 4340 10213 9292
2 6 1367 12767 7256 531 7911 1933
2 4 1367 8026 7240 12705
1 3 1369 7822 4800
2 3 1373 4381 12268
2 4 1386 12249 7381 10279
2 4 1413 4390 4608 10479
1 7 1424 4285 4342 1619 1338 12459 7462
2 4 1427 7408 12224 12264
2 6 1427 7367 7338 12173 10411 7572
2 8 1427 7367 7338 12173 10411 1357 12360 4511
2 3 1444 4204 4245
2 3 1444 1059 4104
1 2 1445 6696
1 5 1445 4452 7547 6971 7588
1 3 1459 10488 2058
1 4 1459 11687 1919 1384
2 6 1464 12332 4339 9961 10129 4075
2 3 1464 7516 4511
2 7 1464 12332 1390 1520 4539 1374 1592
1 4 1468 4556 12648 5231
1 3 1468 8178 8245
1 4 1468 1494 2171 10566
1 3 1468 1494 12064
2 4 1492 12404 12449 1650
2 3 1492 7562 1170
2 3 1492 10386 12335
2 6 1521 7573 7602 10385 10768 4580
2 2 1521 12333
1 4 1570 2116 12934 8249
2 2 1573 9605
2 5 1573 12161 10470 4499 1576
1 2 1576 1614
1 4 1595 7551 9810 870
2 4 1599 6671 3658 772
2 2 1599 4534
2 3 1599 11708 12450
2 4 1599 12309 4605 11674
2 4 1599 12309 4605 11645
1 2 1618 5103
1 3 1636 4755 1896
1 5 1636 7604 1822 4943 9816
2 6 1650 10344 10283 10154 1330 10267
2 6 1650 10344 12284 12197 7382 10223
2 5 1650 7034 4019 1014 12090
1 2 1650 4059
1 2 1678 7458
1 7 1678 9892 10666 12646 10595 10569 12620
1 8 1697 10631 4743 4812 12531 10557 12611 7765
3 2 1709 10696
2 8 1725 12614 12544 4777 10669 12695 7843 4751
2 3 1725 1728 10623
2 7 1725 12541 7864 1781 1778 7971 2028
2 4 1725 12541 4786 4783
1 6 1727 4797 12540 10661 10549 1813
1 3 1727 4797 1762
1 5 1736 10672 1789 10556 9616
1 2 1736 6742
1 4 1747 7745 4794 4723
2 5 1812 1659 7733 12700 7796
2 8 1814 4804 12617 7783 1713 7887 1565 4543
2 4 1814 12632 8204 2197
1 4 1821 307 12584 4242
1 5 1821 10133 12287 11223 10142
1 3 1833 7576 1468
1 4 1833 4696 4822 12419
1 3 1833 4584 5231
1 3 1833 4584 10697
1 2 1866 6752
2 3 1884 4192 12841
2 3 1891 12817 12731
2 3 1891 12817 12762
2 3 1891 1932 12900
1 6 1892 13215 12833 2069 10848 10765
1 4 1896 12861 4943 9816
2 3 1909 12802 2012
1 2 1909 2094
1 2 1909 8008
1 6 1944 12772 2052 5000 4942 8113
1 4 1944 12772 1997 10855
1 2 1944 8056
2 6 1959 10854 8081 1985 6638 2022
2 2 1959 8055
1 8 1961 8029 12784 2093 10755 8037 12899 4964
2 5 1963 8074 5067 10922 10837
2 4 1963 8031 4966 8117
2 4 1963 10828 11249 12809
1 5 1963 2026 12756 1922 5050
1 4 1963 4983 12704 12748
1 3 1965 10832 10730
1 5 1965 8089 10773 12712 8236
1 3 1965 7913 10732
1 4 1965 7913 2011 2008
2 7 1976 7301 5092 12408 7019 10474 4009
2 3 1984 13241 5097
2 4 1984 12862 10743 12806
2 4 1984 13237 13250 12766
1 2 2008 10172
1 4 2012 8015 12710 4948
1 2 2012 8058
1 4 2012 10829 12751 8008
2 2 2014 5033
2 4 2014 4900 12892 4987
1 6 2014 4900 8121 1991 8029 1961
2 2 2014 8010
2 4 2015 1766 4923 2058
2 4 2015 1970 10821 2041
2 7 2015 5087 7519 12653 12314 12248 7584
1 5 2016 10851 12744 10908 7996
1 2 2016 10827
1 2 2016 8084
2 3 2022 556 1933
2 6 2022 1630 7511 8127 10724 8055
1 4 2023 12703 1937 1944
1 4 2023 4969 10482 7630
1 3 2023 12872 7936
1 4 2023 12703 1937 8056
1 6 2024 7716 4128 12775 13370 8193
1 4 2024 8016 7219 988
2 3 2025 1932 1891
2 5 2025 1969 4972 5028 4997
2 2 2025 12900
2 3 2028 2099 10750
1 3 2028 8102 4783
2 5 2029 4976 4924 1973 10752
2 3 2029 13079 2103
2 6 2029 4976 12768 5081 12727 7995
2 4 2041 8005 12884 1961
2 3 2041 1910 12763
1 4 2046 12826 4961 2016
1 5 2046 7989 10745 10844 12771
1 4 2046 12826 4961 8084
4 3 2056 1975 5101
2 2 2056 1891
2 2 2056 12762
2 4 2058 12581 12250 1384
1 3 2078 1995 7916
1 3 2078 8053 12871
1 3 2078 1948 2101
2 4 2086 2032 10729 10772
1 2 2086 12868
2 3 2089 13366 8085
2 3 2089 12726 78
3 6 2091 5048 10144 7948 10757 12086
1 2 2094 7959
1 3 2094 5039 8008
2 6 2103 2059 8118 5081 12727 7995
1 5 2103 2059 12740 4932 10791
1 7 2106 10986 2208 5143 8255 10975 12942
1 5 2106 10986 2208 5143 8216
1 4 2106 12964 8238 11007
1 3 2106 12922 2209
1 6 2111 2142 10982 10996 8225 5230
1 4 2111 2142 12973 10924
1 5 2123 2202 8201 12967 8205
1 5 2123 2202 12944 8182 2196
1 6 2126 13372 4735 10538 697 5199
1 3 2152 2173 2106
1 3 2152 2194 11007
1 2 2152 2209
1 3 2161 5118 5169
1 4 2161 8161 12982 12306
1 2 2174 12930
1 3 2174 13303 8217
1 3 2174 13302 12994
2 3 2189 2183 5181
1 3 2193 5177 8245
1 4 2196 8183 5210 6020
1 4 2196 8183 5210 5196
2 4 2197 5195 2203 2211
1 5 2220 4171 10932 12911 8205
1 2 2220 9962
1 5 2227 10989 7561 8179 5107
1 2 2227 10933
1 2 2228 12933
1 4 2407 7830 10703 3606
1 4 2996 11095 174 3164
1 5 2996 9168 2 11099 9122
1 3 3010 7766 2407
1 6 3010 7787 3706 1262 1854 6742
1 6 3065 183 11074 6091 11086 3164
1 3 3122 11065 3172
1 4 3124 11213 11107 2996
2 5 3124 6143 9188 11166 9122
1 10 3151 149 11068 9197 70 11059 11153 6057 90 11159
1 3 3151 3060 9100
1 7 3172 9156 6198 11144 9219 6078 9104
2 4 3211 9498 3262 6496
2 7 3226 6305 236 11230 289 6354 3331
1 7 3230 6259 6567 11385 11274 11301 347
2 4 3259 6380 301 3290
1 6 3279 11384 401 9302 11282 3259
1 6 3288 281 6407 3272 327 3320
2 2 3288 6314
2 10 3309 6359 6413 6340 406 9341 358 3219 6326 6249
2 10 3309 6359 6413 6340 11391 233 310 7482 10323 9340
2 4 3309 6359 6413 3320
2 9 3309 6359 6413 6340 11391 233 11358 3255 265
2 3 3314 391 3211
2 2 3314 6336
1 6 3320 9295 11342 11358 3255 265
1 3 3320 327 6296
1 5 3320 9274 6281 400 347
1 6 3331 11220 11241 6293 11234 207
1 4 3331 11220 11241 323
1 10 3352 297 11394 9344 9276 376 6329 3266 3389 367
1 4 3352 297 11324 6391
1 3 3352 11277 11344
2 3 3369 7239 9297
2 3 3369 6378 377
2 4 3379 3329 276 385
1 3 3388 6408 9221
2 3 3392 6546 3412
1 3 3412 513 572
2 3 3427 4960 1959
2 9 3427 10451 7631 10424 7048 4612 11752 1608 12348
2 7 3427 7659 1458 7208 5007 7301 1976
2 6 3455 3557 511 6507 9433 6423
2 7 3460 6558 3532 444 3572 11415 478
2 3 3460 3510 9570
2 4 3460 6558 388 9387
1 3 3513 4328 528
2 3 3520 11526 3580
2 3 3530 6542 9503
2 3 3530 9517 11499
2 4 3530 3558 11547 11531
2 3 3530 6568 589
1 6 3535 9441 9497 6524 3561 11402
2 9 3535 9441 9497 482 13116 11445 3397 6488 589
1 3 3559 3521 402
1 5 3559 11399 6580 536 11479
2 4 3559 9521 11507 6522
1 5 3559 6484 9452 11441 3412
2 4 3569 11511 9539 9692
1 6 3580 457 3554 9579 6477 413
2 3 3601 13252 11735
2 3 3601 13252 599
1 3 3606 7869 13203
1 3 3617 3614 11583
1 4 3617 3614 614 6634
1 2 3631 599
2 2 3652 648
2 5 3652 3669 3506 6518 512
2 7 3652 817 3650 6668 6666 11590 9620
2 5 3652 3669 3506 11491 11506
2 6 3652 680 6531 3533 11732 13011
2 2 3652 9642
1 7 3663 11619 690 9668 9670 9672 6714
2 3 3663 11619 11655
2 4 3663 660 3676 11639
1 2 3668 3682
1 5 3668 4463 7624 1450 11645
1 2 3672 3682
1 3 3717 6721 9663
1 3 3734 3720 3717
1 4 3743 9704 11676 6714
1 5 3743 9548 6761 744 9716
2 7 3771 6773 6789 769 6770 11711 9898
2 4 3775 3763 749 11654
2 7 3775 3763 11695 722 9711 9724 6710
2 7 3778 6630 3605 11567 9580 6797 3775
2 7 3778 3635 3661 9634 6676 6510 9467
2 3 3778 4270 4345
3 5 3780 776 3782 6780 770
2 7 3780 607 9600 658 661 11623 663
2 2 3780 6790
2 5 3780 969 11568 6631 9598
1 9 3823 11841 10412 10439 7558 9779 12637 9727 1445
1 8 3823 11841 10412 10439 7558 9779 913 7791
1 4 3823 10343 7646 7588
1 3 3823 873 3957
1 5 3823 873 951 6929 6984
1 3 3834 7747 6897
1 4 3834 10783 13215 1892
1 3 3834 8012 10765
1 5 3834 7920 5071 13214 7935
2 3 3844 10163 11818
2 4 3846 6933 3866 3790
2 5 3874 794 3845 11820 3986
2 7 3874 794 11756 9917 6866 9925 931
1 4 3882 907 11857 9906
1 3 3882 9874 9890
1 3 3883 1972 6897
1 5 3883 12791 8097 2037 10830
4 4 3890 7620 11759 4512
4 5 3890 9912 9823 7671 12473
3 3 3890 3921 886
1 3 3923 6831 9838
1 4 3924 11816 6889 9821
2 5 3932 7663 11864 7591 10503
2 4 3932 6905 11781 6963
1 6 3937 9818 6857 6886 907 3882
2 5 3954 790 13225 6836 6812
1 2 3957 6984
2 5 3960 9829 5001 7485 12458
1 4 3960 2082 8025 5103
2 4 3986 6948 3930 931
1 4 3988 1109 976 1205
1 3 3988 7096 4178
1 4 3988 4109 7127 3401
2 7 4052 9790 912 9918 9795 11828 6963
2 7 4052 9790 912 11835 6981 9854 964
2 7 4075 12048 1073 12008 1114 1653 12282
2 6 4082 7142 10095 1089 10076 12052
2 5 4082 4123 7181 4148 11913
2 6 4111 7184 12442 7513 2013 901
2 2 4111 792
2 4 4111 1074 1065 7107
2 3 4111 1074 7170
2 3 4140 1137 10480
3 5 4141 6999 7240 8026 1367
3 6 4141 6999 7240 8026 12274 2091
3 5 4141 10304 10822 10006 7279
2 4 4141 9939 8095 10616
1 5 4149 4984 12844 12041 10772
1 5 4149 4984 12844 7998 12868
2 9 4150 3991 7116 7958 4933 7908 1989 4022 7203
1 2 4155 1440
2 4 4172 10125 12097 7087
2 2 4172 1067
1 3 4178 11965 1173
2 4 4181 9956 7025 7085
2 4 4197 7212 4094 9965
1 2 4206 7107
1 4 4206 4088 4161 11979
2 6 4237 7428 7465 1622 12490 12420
2 7 4237 7297 7340 4321 4365 10296 10756
1 3 4242 1327 9292
2 3 4245 4062 4104
2 4 4273 7654 12472 10479
1 2 4286 7302
2 2 4291 1273
2 4 4291 7250 10799 10756
2 6 4291 12105 4278 7395 7244 10190
1 5 4329 4289 7409 12931 5135
2 4 4334 7380 1400 4363
1 3 4345 4417 10230
1 6 4345 7345 11662 10381 11722 9693
2 11 4363 1577 4554 7426 12210 10238 10195 1520 1390 12332 1464
2 6 4363 1400 1605 12176 7347 12232
1 5 4372 390 1365 12244 6217
1 5 4372 12626 1380 7431 6285
2 7 4388 4275 12292 1385 1315 7295 12125
2 9 4388 1296 12292 1385 4348 4319 4566 7544 7572
2 10 4404 9733 7249 4841 7868 1742 1755 1820 1322 12446
2 5 4412 10297 1376 12215 7342
2 4 4412 12255 10227 7329
2 6 4425 1082 4588 4087 1553 10514
2 4 4425 8063 1197 4318
1 5 4445 9675 718 715 6732
1 3 4445 3715 3712
1 4 4455 12592 1865 12683
1 7 4455 12592 11607 1714 12623 10701 10641
1 3 4455 13062 5264
1 2 4455 10540
1 4 4458 7624 4463 3668
1 6 4458 7495 4614 11704 1610 11674
1 5 4458 7495 4614 4477 11645
1 5 4468 7512 7487 4524 12386
2 4 4469 4174 1531 1034
2 4 4469 1203 1027 10480
2 4 4512 11739 10399 11853
3 5 4512 12387 7530 10811 10106
2 5 4512 12416 1578 10882 901
2 7 4512 12387 7530 12476 1463 7604 1636
3 4 4516 10751 12786 12777
2 4 4516 1541 4459 4987
2 5 4516 1569 10332 4410 5096
1 2 4533 8181
1 4 4534 3667 666 3672
2 5 4534 6436 1455 6689 3682
3 3 4544 12452 1444
2 3 4565 1615 7668
1 5 4565 10410 10355 4444 12489
2 6 4565 8110 11717 10753 10824 12501
3 5 4568 10776 1383 10346 7446
2 4 4568 1990 10371 1488
1 4 4569 1621 1441 10370
1 5 4569 1523 10457 1527 10339
1 5 4569 12305 7626 12697 12497
1 2 4569 4449
1 2 4570 10999
2 2 4580 10837
2 5 4580 4637 4609 4901 12793
2 7 4580 10768 10385 7602 12359 1593 7477
1 4 4580 10768 8093 12748
2 4 4581 12471 1479 1614
2 3 4599 7563 7477
2 5 4599 12491 1493 12324 1614
3 5 4619 4631 9999 7097 13143
2 4 4619 12467 4130 12086
1 6 4669 1684 9142 7738 12517 1757
1 3 4669 13076 6040
2 4 4682 5016 7790 2015
2 4 4682 1703 12526 12601
2 10 4682 8086 10885 1943 5011 10755 2093 12784 8029 1961
2 8 4682 8086 10885 1943 10315 8037 12899 4964
1 6 4682 1703 1840 1591 10146 7711
1 5 4723 4794 10711 12561 12633
1 2 4723 10640
1 6 4728 12522 1839 1823 4744 13063
1 6 4728 12522 1839 1823 4744 5264
1 5 4728 12522 1839 1823 10540
1 5 4739 9669 6726 515 3010
1 8 4739 736 12682 3800 4695 7901 13075 2407
1 3 4749 7745 1747
1 2 4749 4723
2 5 4751 4823 12737 10691 10674
1 4 4751 12509 4781 4800
1 3 4785 4842 1697
1 6 4785 12655 1780 10673 12599 7849
2 5 4801 7752 7749 10575 10647
2 2 4801 12605
2 3 4817 10692 1812
2 2 4817 12672
1 2 4860 1736
1 6 4860 12585 1851 7760 10587 1747
1 7 4860 12585 4857 7880 1767 7877 12566
1 7 4860 12585 1851 7760 4610 4794 4723
1 6 4872 1873 11667 12597 10618 6752
1 4 4872 4790 1870 1752
1 5 4897 4978 1473 5060 8052
1 3 4908 4977 7935
1 5 4908 4977 1945 8057 10895
3 5 4925 12141 12819 2067 10726
3 2 4925 1367
2 10 4925 10132 1257 10787 10817 8104 10856 8059 5080 5033
2 6 4925 10132 2045 531 7911 1933
2 6 4925 12141 12819 11972 10763 10616
2 7 4925 10132 1257 10787 10817 1882 4964
2 3 4925 1395 12705
1 4 4948 12710 8015 8058
1 2 4948 5034
2 5 4953 11995 10816 4106 1199
2 2 4953 5096
1 3 4968 10892 7934
1 5 4968 10923 10850 1955 12702
1 5 4980 13354 13353 10934 13349
1 3 4982 5214 13340
1 6 4987 12892 12807 1991 8029 1961
2 3 4987 4386 1983
2 4 4989 12834 2100 2012
2 3 4989 7972 4948
2 2 4993 7960
2 5 4993 5049 2018 2059 2103
1 5 4993 5049 12740 4932 10791
2 4 5010 13239 7980 8124
1 2 5013 10803
1 3 5013 8065 10762
1 3 5013 8065 5070
1 2 5013 8122
1 3 5021 7913 1965
1 3 5021 8079 10732
1 3 5021 4956 2008
1 3 5026 2079 7936
2 2 5029 1521
2 6 5029 1957 5073 8009 10873 1963
2 5 5029 1888 7990 12852 12809
2 4 5029 2000 4893 12871
2 4 5029 1957 5073 12748
1 6 5029 2000 7560 4482 7924 9605
2 7 5029 1888 7990 12739 12895 2070 13082
2 5 5033 10741 8041 5102 12789
2 3 5033 5080 4964
1 3 5036 2080 3109
2 2 5046 7203
1 3 5046 8111 8038
1 3 5050 10774 7953
1 3 5050 10774 78
1 3 5050 12773 5098
1 3 5090 10909 7791
2 4 5097 13242 12856 7912
2 3 5097 13239 5010
2 3 5097 5041 8124
1 2 5098 9816
1 7 5103 10798 7762 12624 1738 12627 868
1 4 5105 5020 4949 2101
1 6 5105 8044 7975 1978 4998 12717
1 4 5107 13273 2175 10933
2 3 5117 12925 10968
1 6 5117 12945 12896 4128 7716 2024
1 6 5135 10954 2129 11004 10990 12371
1 4 5139 8207 12975 2115
1 3 5139 8244 5036
1 2 5139 10948
1 4 5154 2229 2207 10978
2 2 5164 2123
2 4 5164 2180 12908 12950
1 5 5164 2180 12908 12986 13209
1 3 5164 2159 10972
1 2 5166 5202
1 2 5166 10940
1 4 5168 10939 10998 8143
1 2 5168 2227
1 3 5169 2199 12306
1 7 5173 12952 13305 8176 11005 12982 12306
1 6 5201 5215 8218 8198 10961 2161
1 2 5201 5173
1 2 5202 13288
1 4 5230 8225 2182 5166
1 5 5230 8225 10996 8240 10924
1 7 5230 8225 10996 8240 10938 5179 12979
1 5 5230 13195 13286 13287 13288
1 4 5230 13195 10952 2174
1 6 5230 8225 10996 8240 10938 12930
1 7 5230 8225 10996 8240 10938 2160 12916
1 3 5230 8225 10940
1 3 5264 13062 10540
1 2 6020 10962
1 2 6020 5196
1 2 6039 10831
1 7 6045 3156 197 11085 15 6181 9201
2 5 6050 11163 35 9185 9209
1 3 6115 11078 6160
1 4 6217 6278 4400 9385
1 5 6217 6278 7403 6246 6285
2 2 6235 6364
2 4 6245 3215 9343 9265
2 4 6245 9256 344 3259
2 8 6245 9256 11236 6346 231 6101 121 9122
2 2 6245 333
1 8 6249 6326 3219 6459 341 11222 11302 3388
1 2 6258 408
2 3 6287 6393 3260
2 5 6296 6360 3337 9731 6314
1 3 6313 3396 9303
1 2 6317 413
2 2 6318 6384
1 4 6324 11392 9254 207
1 6 6324 11392 95 3053 3120 104
1 5 6324 415 3298 11302 3388
1 4 6324 415 592 9221
2 3 6332 11265 3288
1 6 6332 395 3384 3254 400 347
2 2 6345 9279
2 2 6345 6287
2 4 6364 13259 3325 3260
1 4 6377 3395 3355 564
1 6 6377 3395 3234 309 336 11360
2 3 6389 6257 9347
2 5 6389 317 11251 3277 6364
2 5 6389 317 11251 3325 3260
2 5 6390 6282 349 3340 9388
2 3 6390 6309 9387
1 3 6391 9286 9258
1 7 6450 11449 9352 6328 3304 3332 367
1 5 6450 11308 11335 11393 9258
2 7 6450 483 3477 326 3316 6339 9337
1 6 6450 3578 11523 9432 6601 3490
2 5 6450 3426 9460 433 11408
2 5 6496 11456 9363 6286 6336
2 6 6496 11456 9363 3512 6469 495
2 5 6496 11456 9363 11346 6535
1 7 6516 3503 9530 3517 6479 499 3490
1 5 6522 466 6604 6586 6573
2 2 6528 9529
2 4 6528 11512 6587 11408
1 6 6535 11388 247 3234 3395 6377
1 3 6535 11431 564
2 6 6540 11529 9557 6581 6568 3530
1 2 6540 11499
2 7 6540 11529 11544 9416 11404 9441 3535
1 5 6540 11529 9557 6594 589
2 4 6547 11463 9478 11613
2 3 6547 9523 11506
2 4 6547 3549 9578 11563
2 4 6554 9531 11487 523
2 4 6554 418 11397 3455
2 5 6554 418 11397 501 3520
2 8 6592 9555 424 586 9416 11544 11529 6540
2 8 6613 11593 3594 9607 11576 6648 3621 620
2 6 6613 780 762 11713 958 11834
2 6 6613 9590 6639 6666 11590 9620
2 6 6613 780 762 9728 11877 9898
2 5 6613 9590 6639 11573 9603
2 5 6685 11610 3627 6647 11577
2 6 6685 11610 9643 9608 619 3617
2 6 6686 664 6684 11750 6989 957
1 4 6696 6974 12670 12501
1 9 6696 10727 954 1604 4508 1655 10461 9682 9450
1 4 6696 1881 10448 1595
1 6 6696 10727 4402 10586 4540 4449
2 4 6703 9676 6720 686
2 3 6703 682 6685
2 2 6703 9660
1 2 6704 3686
1 3 6710 11656 689
1 2 6711 6714
1 4 6714 3694 676 11639
1 5 6714 3709 3696 6697 9640
1 8 6714 11676 9704 6571 3548 11691 6586 6573
1 3 6727 3701 687
1 5 6732 3710 908 9850 9847
1 2 6732 3712
1 3 6732 3906 11830
1 4 6752 10719 4880 12620
1 4 6752 10618 3719 1752
2 4 6790 3976 6973 6946
2 9 6812 6836 872 897 3899 9882 9884 11697 743
1 3 6845 3824 6984
1 2 6845 11782
1 6 6850 801 9923 6823 6929 6984
2 4 6864 9887 6912 11867
2 2 6864 8435
2 6 6876 4518 9911 9855 9814 11757
1 7 6876 11763 7667 12425 4816 10591 7827
1 4 6876 6694 1601 4607
2 3 6878 3816 3954
1 3 6878 9857 932
2 5 6896 950 4095 1176 747
1 4 6897 10573 7999 868
1 6 6897 12765 850 7879 10591 7827
1 4 6897 12765 850 12699
2 4 6914 3938 896 3986
2 5 6914 13224 13229 9778 6896
2 3 6914 3858 6993
2 3 6917 3946 9853
2 3 6932 1575 1034
2 4 6932 12713 7301 1976
2 6 6938 979 11883 11866 904 11811
2 3 6946 1616 6985
2 4 6963 906 852 3981
1 3 6984 9758 9786
2 3 6985 6606 6793
2 9 6993 3858 9852 11742 888 3891 3799 6906 9896
2 5 6993 11870 9933 813 6878
2 3 7011 4055 1068
2 2 7011 12004
1 2 7011 4073
2 3 7013 4072 7177
1 7 7045 12445 10096 10495 7643 9967 5090
1 6 7045 12445 10096 10495 7643 7791
2 3 7054 1066 4070
1 7 7063 12079 1186 13078 7206 4060 7079
2 4 7085 7025 12055 1121
2 3 7087 7157 9998
1 2 7107 7170
1 6 7107 1086 7176 11970 4161 11979
3 4 7109 10022 11996 11944
3 4 7109 7000 4208 10480
2 6 7125 10036 7021 12011 11912 7121
2 5 7125 9981 848 6928 3981
2 4 7126 10079 9995 7085
2 5 7126 9937 4079 12036 7222
2 8 7126 9937 4079 12036 7094 10008 1146 11913
2 7 7137 7650 1597 7168 7128 12378 11918
2 6 7137 1469 12065 7015 12048 4075
2 6 7137 4077 10459 1625 1653 12282
2 5 7177 7205 12080 4106 1199
2 3 7179 7634 10514
2 2 7179 9991
2 4 7183 7098 6954 931
2 6 7183 4080 9815 12070 9765 3790
2 3 7222 10017 1083
2 3 7222 1146 11913
2 5 7279 10006 1474 8095 10616
1 3 7341 7370 9528
1 5 7341 4261 4215 10256 7328
2 3 7342 4310 7329
1 4 7361 7644 7304 1424
1 2 7375 4372
1 3 7375 12216 10314
3 2 7376 7432
3 7 7376 4639 12475 7645 1620 4596 4363
3 15 7376 4639 12475 7645 12167 1577 4554 7426 12210 10238 10195 1520 1390 12332 1464
2 3 7394 11267 6313
2 3 7400 7909 4568
2 6 7400 10413 10776 1383 10346 7446
2 9 7400 4175 7647 12317 1253 7312 7353 7531 8045
2 5 7400 4175 1990 10371 1488
2 3 7446 1319 12841
1 5 7458 12418 11971 4807 1866
1 4 7458 7539 10393 10339
2 4 7459 7568 7540 7126
2 6 7459 7568 10434 4158 4203 1083
2 5 7459 7580 10462 7167 4619
2 2 7459 4009
2 5 7564 7535 4530 7592 1570
1 5 7584 7448 10476 4893 12871
2 4 7584 12239 10205 1384
1 4 7584 4549 10742 9605
1 4 7588 3975 801 6850
1 3 7605 5189 5154
1 3 7605 5189 10442
1 5 7638 4604 4575 1585 11007
2 4 7653 3992 4038 7054
2 3 7653 10501 10057
2 4 7653 10114 1036 4619
3 4 7653 11988 1640 13143
2 4 7658 10509 1648 4652
1 2 7668 7480
1 6 7677 12578 1832 12124 4778 9616
1 6 7677 12578 7820 4838 12676 6742
1 10 7691 7785 10681 10565 10643 1826 7751 4705 1696 7816
1 3 7691 7844 1748
1 7 7691 7785 4832 12556 10574 7725 4677
1 4 7744 12621 1876 1813
2 3 7763 4725 10655
2 3 7763 12657 10678
1 6 7796 4774 10677 11098 11119 6040
2 6 7798 7811 4791 12932 12924 12910
2 5 7798 4776 2155 2130 8249
1 4 7816 10528 4837 1762
1 5 7816 1696 4705 1672 7786
2 3 7825 4734 1297
2 4 7825 7274 4866 12536
1 6 7849 7750 1679 7781 10561 1757
1 4 7855 1830 10679 13091
1 2 7858 2407
1 4 7858 4678 7891 3606
1 4 7858 4678 1872 13203
1 2 7892 1352
1 4 7892 4740 7904 5103
1 7 7892 12024 4814 12570 1809 12627 868
2 3 7912 12856 5010
2 6 7912 13244 12800 12887 1914 12806
1 5 7912 8019 2066 5079 10962
2 3 7912 8019 11145
1 3 7912 13246 13247
1 2 7916 10737
1 5 7916 7984 12877 7448 7584
1 5 7916 1995 12788 8053 12871
1 4 7935 1945 8057 10895
2 2 7953 2089
2 2 7953 78
1 2 7959 8006
1 3 7959 5039 8008
1 5 7960 2048 8108 4932 10791
1 2 7963 4997
1 4 7963 11194 9137 6039
1 3 7963 2081 4897
1 6 7963 9152 3181 7919 1960 8052
1 4 7963 1993 8078 12830
3 2 7965 12789
2 4 7965 12898 10863 4425
2 4 7982 12863 10881 8117
2 3 7982 1986 12809
2 3 7982 2039 13082
1 6 7995 12813 8004 2090 5037 12883
1 3 7995 10923 4968
2 7 7995 12813 12870 8060 10870 5006 8073
1 5 7995 12813 8004 10748 7934
1 3 7995 5024 10791
1 2 7995 12702
1 3 7996 2096 11145
1 4 7996 10908 4033 10827
1 2 8006 10762
1 3 8006 5039 8008
1 2 8006 5070
3 2 8007 9084
2 6 8007 10898 1971 7084 4110 4003
2 7 8007 10898 7903 10813 8098 8066 1179
2 6 8007 10843 12876 12844 4984 4149
2 3 8007 10066 10772
2 6 8007 10898 7903 4990 8044 5105
2 5 8007 10139 1978 4998 12717
1 2 8008 5070
2 5 8011 8100 1412 7244 10190
2 4 8011 12146 4315 12275
1 3 8017 13085 10886
1 2 8017 12823
2 2 8021 2025
1 4 8021 10820 8109 7963
1 4 8021 4938 5028 4997
1 6 8021 10820 8109 11194 9137 6039
1 2 8039 12785
1 3 8039 12787 12742
1 3 8039 12787 10862
1 3 8039 8096 5013
2 6 8045 7531 7353 7312 4408 12125
2 4 8045 7531 7353 7572
2 4 8045 7531 7492 1488
1 5 8047 8252 5120 2156 8199
1 3 8047 7991 7936
1 4 8052 4033 10908 7996
1 5 8052 1960 5084 11108 12830
1 2 8052 10827
1 3 8052 10739 8084
1 4 8055 7803 10899 4783
1 2 8058 10814
1 3 8058 5077 5034
1 4 8085 10850 10923 4968
1 3 8085 1955 12702
2 5 8087 11950 5019 12781 10030
2 5 8087 5104 7411 7250 4291
2 4 8087 5104 10259 10756
1 2 8113 10855
1 4 8113 4942 4892 5026
2 2 8117 10797
2 5 8117 4966 12780 10913 12809
1 4 8138 8202 8136 10957
1 4 8138 12391 13372 2126
1 6 8143 1524 10345 8227 5153 2228
1 6 8143 1524 10345 2164 8179 5107
1 3 8148 7589 4570
1 3 8148 7476 12923
1 5 8148 2185 12479 10360 10513
1 8 8181 5156 12466 5110 7581 1598 4589 10447
1 5 8181 2109 4587 12901 2152
1 4 8181 5156 12466 11007
1 4 8181 7553 10947 10513
1 3 8193 12975 2115
1 3 8193 10071 988
1 4 8193 2192 13210 10948
1 2 8193 3109
1 5 8203 10944 13311 11001 13308
1 4 8203 10973 11023 2152
1 2 8203 12979
1 3 8203 5165 12916
1 3 8203 2195 2209
1 2 8205 2196
1 4 8205 12967 10988 13209
1 4 8205 12967 8201 10972
1 5 8205 12967 10988 1846 10594
1 5 8214 12963 1580 7872 5199
1 3 8214 12940 7605
1 4 8215 11021 2149 12306
1 4 8215 10992 8229 12984
1 4 8215 12970 5152 12942
1 3 8215 10992 650
1 7 8216 13309 8253 12928 8194 5191 650
1 3 8216 8195 5171
1 3 8217 13301 12994
1 4 8236 10889 12810 10732
1 3 8236 12753 1900
2 3 8248 8219 10968
3 4 9084 10887 10905 2041
2 3 9084 12005 10772
2 4 9084 8106 4998 12717
1 3 9097 11186 104
1 3 9097 6174 3151
1 3 9100 11162 52
1 8 9122 121 6101 3077 6203 6122 6022 333
1 6 9126 3132 3034 192 3145 91
2 4 9161 9075 6046 6104
1 7 9195 170 134 11096 9119 9074 6045
1 8 9195 3189 86 3008 9162 3121 6181 9201
2 6 9209 6311 6397 13265 9406 9329
2 2 9250 9269
2 4 9265 11349 6303 3279
1 6 9265 11224 9242 248 11234 207
2 3 9269 9379 6318
2 4 9291 9368 6327 3352
1 4 9292 12157 1334 7328
2 3 9294 11276 321
2 7 9296 3049 137 3192 65 6145 122
2 4 9297 11279 364 9250
2 5 9297 6270 6221 9239 6103
2 4 9297 7239 3241 377
2 3 9297 11345 6318
1 3 9303 9255 11371
2 2 9329 242
2 4 9329 6406 6331 383
1 4 9337 452 3551 3490
2 4 9340 9240 9501 3388
1 2 9340 265
2 4 9347 6325 6298 9294
2 6 9347 6325 6298 6218 9375 11402
2 4 9347 6325 6263 6377
1 4 9385 6368 7237 6285
2 7 9392 9314 11218 11332 6399 6335 6384
2 5 9417 11559 765 3752 3734
1 4 9450 12368 6737 10339
1 4 9450 6713 9653 870
1 9 9450 9682 10461 1655 4508 1604 954 7831 4449
3 7 9456 3522 9238 9264 6298 6325 9347
2 4 9456 6487 6582 3535
2 4 9456 3522 9375 11402
2 5 9457 6464 13205 9412 11398
2 4 9457 3414 6562 3569
2 11 9467 7366 4869 1782 10718 4775 7899 1769 4875 4426 4872
2 3 9477 522 3520
2 5 9477 6565 9542 580 3580
2 3 9503 549 11531
2 5 9503 549 3629 11502 9559
1 4 9503 6529 678 698
3 4 9508 11428 584 506
2 6 9508 548 6401 3295 3324 389
2 3 9508 548 3230
4 5 9515 3541 11497 7857 6592
4 6 9515 9681 3703 9665 11651 704
2 2 9526 508
2 6 9526 11510 3502 1290 7438 9528
2 6 9526 11537 3404 6473 11321 9337
2 5 9526 11537 9549 9487 3490
1 4 9528 7438 4322 12298
1 4 9529 3566 6587 11408
2 3 9570 6512 9457
2 5 9570 552 6595 9535 573
1 4 9588 9591 11574 11577
1 3 9605 1649 1576
1 4 9606 646 6643 3617
1 3 9606 3649 6634
1 5 9616 12553 7865 12183 3513
1 4 9616 4778 3781 6742
1 6 9616 10556 1789 12535 10582 4865
2 3 9617 3636 818
2 2 9617 3663
2 5 9617 6658 9612 649 9783
2 4 9617 11603 6677 657
2 6 9620 9638 11640 6712 6542 3530
2 5 9620 6683 678 6529 9503
1 4 9620 9622 3666 9642
2 4 9620 11590 6666 9603
1 3 9620 6683 698
2 10 9633 11618 11634 3675 688 6708 3703 9665 11651 704
1 6 9633 6678 6680 9655 3690 11499
1 6 9633 11618 11615 656 11598 9598
1 9 9640 6697 3696 713 746 3548 11691 6586 6573
1 3 9640 11608 9606
1 3 9642 6698 698
2 2 9660 684
2 5 9660 716 6716 699 730
2 4 9660 9690 11679 541
2 2 9692 541
1 4 9693 3806 11665 4445
1 5 9693 3806 718 715 6732
1 3 9716 6747 11655
2 4 9737 6762 9710 743
2 4 9737 11565 9597 6657
2 8 9737 6762 3740 11699 12169 6766 943 6917
2 2 9764 6812
2 7 9764 854 6865 3898 6931 943 6917
2 4 9764 854 9824 9853
2 4 9772 11824 11874 902
1 3 9772 6891 3838
2 3 9783 11597 657
1 3 9783 9919 9902
2 2 9784 11837
2 6 9784 6843 883 6939 3966 3923
1 6 9809 11858 982 3956 3984 11583
1 5 9809 6913 9849 9874 9890
1 2 9809 9821
2 5 9817 11673 6734 9689 11710
2 8 9817 889 9787 6996 3969 9877 6902 931
2 8 9817 889 9787 6996 11885 844 6986 3846
2 3 9833 11829 11811
2 3 9833 922 9902
1 3 9847 6909 11830
1 3 9875 9914 13255
1 7 9875 3448 13234 841 3980 966 3844
1 3 9894 11816 3924
1 3 9894 11845 9821
2 4 9896 13222 3909 3954
2 5 9896 6817 3873 6966 6812
2 3 9898 6960 6917
1 3 9902 9888 11905
1 5 9906 6953 6940 6913 9809
1 3 9906 6998 11583
1 4 9906 11887 9602 6634
1 2 9906 9890
2 3 9907 910 11833
2 2 9907 6946
2 3 9907 11889 6985
1 3 9930 11774 11905
1 4 9932 3714 11753 3653
2 5 9945 12087 4199 7215 12100
1 3 9945 10113 10013
3 3 9951 1377 12777
2 5 9951 10021 7374 4386 4987
2 3 9951 5086 10807
2 5 9951 5086 12137 4045 5096
2 3 9951 10794 2086
2 4 9958 1004 1603 6932
2 4 9958 1004 7508 7459
3 7 9958 4114 11933 1169 7092 4032 7109
2 7 9958 4114 7129 12069 10043 12015 4181
1 5 9962 13364 1181 12847 1950
2 5 9975 11952 7150 10019 7177
2 6 9975 7165 8076 12080 4106 1199
2 4 9975 4064 1147 4003
1 3 10013 1194 10070
2 4 10030 4883 12799 4953
2 4 10030 4883 4557 12420
2 3 10030 7430 7177
3 3 10057 4156 13143
2 8 10070 7100 12042 1207 8046 1989 4022 7203
3 3 10087 4550 4111
2 3 10088 12063 4104
2 9 10088 10060 10428 4513 7497 12480 10332 4410 5096
3 4 10102 12045 7055 4181
2 3 10106 1938 901
2 6 10106 3916 5014 1822 7604 1636
2 4 10106 3916 6826 5098
2 5 10106 3916 6826 4943 9816
2 6 10110 4126 7175 7204 7221 7125
2 2 10126 12004
1 2 10126 4073
2 3 10135 12293 1413
2 4 10135 7642 4434 1386
1 4 10142 10185 1334 7328
2 2 10148 1459
2 5 10148 4686 12640 7706 12583
2 6 10148 4686 12640 10603 4773 7711
2 14 10153 10197 7311 10169 1289 4262 4307 1098 12358 1518 4537 4564 12444 10222
1 3 10172 12804 7921
1 6 10223 7382 12197 12284 1333 4059
1 3 10230 7629 4445
1 3 10230 12202 7462
1 4 10230 10481 733 3712
2 7 10239 4281 7326 4309 12285 12257 1363
2 5 10239 4232 4333 12152 10292
2 2 10255 4237
2 6 10255 10001 11978 12462 10116 10088
2 9 10267 1330 12127 1417 7441 12317 7647 4175 7400
2 9 10267 1330 12127 4293 1253 7312 7353 7531 8045
2 4 10267 12267 7382 10223
2 8 10278 12180 10152 1430 4321 7340 7297 4237
2 5 10278 1344 7310 12779 10756
2 5 10309 4379 1302 7280 12297
2 4 10309 7229 1248 4363
1 6 10314 361 3280 7320 10133 1821
1 3 10314 7444 291
2 8 10337 12410 4884 2042 6785 12369 10769 12835
2 6 10337 7628 12486 1528 1643 1453
1 2 10339 12497
1 5 10362 12496 10502 12453 10515
2 7 10362 12496 1613 12440 8187 8238 11007
1 7 10370 1564 10717 10391 10333 10676 12586
1 6 10370 1564 10717 10391 10516 1678
1 4 10370 1564 7834 1352
1 4 10370 1534 2043 1618
1 4 10400 2213 10668 1509
1 3 10400 12648 5231
1 4 10400 5217 1688 8245
1 3 10400 5106 10566
1 3 10400 2213 8214
1 2 10400 12064
1 5 10407 10380 10352 10520 7480
1 4 10419 12903 12909 4570
1 4 10419 11002 8196 10999
1 3 10447 4436 7638
1 3 10492 12384 5090
1 4 10492 12498 12325 10407
1 4 10492 7583 11509 12735
2 3 10496 1507 1464
2 4 10496 10456 7103 4568
2 3 10496 10330 8045
2 9 10503 12355 7670 10463 9623 12342 10215 7569 6686
2 9 10503 12355 7670 10463 9623 10368 10722 7801 10655
2 6 10514 10090 997 7122 1142 12090
2 4 10514 10090 997 9991
1 5 10515 1449 2172 5213 2106
1 5 10515 1449 5163 10975 12942
2 6 10515 1449 10943 8187 8238 11007
2 3 10616 4532 1884
2 3 10623 1859 12605
2 3 10623 7676 1762
1 6 10627 1676 7804 7819 1702 4800
1 5 10627 4680 7731 7713 1813
1 6 10627 12610 7703 1810 10543 1762
1 4 10641 4798 4726 1748
1 3 10641 7817 7765
1 3 10642 4975 3883
1 6 10642 2102 12624 7762 10798 5103
1 3 10642 12627 868
2 5 10647 10578 10708 4792 4677
2 5 10647 10578 10708 12665 7786
2 2 10671 1573
2 5 10671 4629 7682 10601 10148
2 4 10671 4629 11687 1459
2 4 10671 12722 10205 1384
2 2 10674 1783
2 3 10674 7850 12601
2 7 10674 12656 7732 1838 12820 7971 2028
2 8 10674 10691 12737 12590 7693 10713 10531 4800
2 8 10678 4731 4847 12591 1772 10598 4810 12518
1 3 10678 1845 7691
1 4 10678 1730 10608 1748
1 7 10680 12662 10610 1818 12427 10531 4800
2 4 10682 12435 4864 12406
2 6 10682 10455 1667 7755 12576 7798
2 5 10682 10455 5134 2114 8249
2 5 10696 12679 1733 1860 7825
3 7 10696 1800 4670 7317 1879 1287 10292
3 3 10726 4937 7965
2 3 10726 7294 12841
1 3 10730 12712 8236
1 7 10732 12810 10889 2021 12867 4991 2077
1 5 10732 12810 10889 2021 1900
1 5 10737 10852 12877 7448 7584
2 3 10737 12831 12717
1 3 10740 12791 3883
1 4 10740 8097 2037 10830
1 2 10747 2023
1 5 10747 7993 2052 12772 1944
1 5 10747 7993 5000 4942 8113
1 2 10747 5026
1 3 10747 10790 7936
1 4 10750 12846 8018 4964
2 2 10752 5074
2 4 10752 10840 1920 8073
2 4 10756 4414 8100 8011
1 2 10762 5070
1 2 10762 8122
1 2 10765 4908
2 3 10772 2002 12868
1 2 10791 12702
2 4 10797 5089 1922 5050
2 3 10797 5089 7953
1 2 10803 10762
1 2 10803 8122
2 6 10807 2036 1949 10816 4106 1199
2 3 10807 2036 5096
1 2 10827 8084
1 2 10830 7935
1 5 10830 10916 10871 4946 7921
1 2 10831 8034
2 3 10833 10777 8124
3 4 10836 7950 12707 2056
3 4 10836 7950 7954 5101
2 2 10836 8039
2 3 10836 13212 12843
2 3 10836 2001 12762
2 4 10836 8071 7983 5013
2 4 10837 7969 4553 12793
2 5 10837 7969 8125 8040 5050
2 4 10837 12818 12704 12748
2 6 10837 7969 8125 8040 12773 5098
2 4 10837 7969 8125 9816
3 5 10876 7994 7977 12726 2089
3 4 10876 7994 7977 78
1 3 10886 13085 2077
1 3 10886 12753 1900
1 2 10886 12823
1 2 10895 7921
1 3 10906 12828 4982
1 4 10906 4934 13276 4980
1 5 10912 10823 1981 12716 4982
1 5 10912 10823 10736 7915 5026
1 6 10912 10823 10879 13362 13361 13340
1 3 10919 12874 12762
1 3 10924 2160 12916
2 6 10928 8164 11014 8062 13246 7912
2 5 10928 8164 12941 10976 6020
1 6 10928 8164 11014 12927 5079 10962
2 3 10929 5155 12950
1 6 10929 7842 2151 1688 5217 10400
1 4 10929 7842 5177 8245
1 5 10929 7842 2151 10525 8214
2 3 10929 2216 5199
1 3 10946 8197 10419
1 2 10946 8143
1 8 10946 8184 10926 5218 8129 13282 5208 12987
1 7 10946 8184 10926 5218 10984 5153 2228
1 9 10946 8184 10926 5218 8129 13275 12947 2150 12933
1 2 10948 3109
1 5 10957 12519 4735 13372 2126
1 4 10957 7770 12940 8214
1 3 10957 7770 7605
1 2 10957 10978
1 3 10962 5079 11145
1 3 10962 10860 5196
1 2 10968 2115
1 5 10980 8190 12996 2153 10999
1 4 10980 5172 10432 10513
2 3 10993 8246 12956
2 2 10993 5128
1 5 11105 6009 204 9183 165
1 6 11110 9124 6193 11061 3064 3065
1 6 11110 6110 9210 3079 84 3164
1 10 11110 9124 9213 3081 87 6016 9099 3147 10207 105
1 7 11110 9124 9213 3081 87 180 9041
1 2 11117 116
1 2 11117 9201
1 4 11145 5160 10860 5196
1 9 11159 9118 6094 11092 155 11175 6021 94 9195
1 9 11159 2994 9078 9176 6052 3187 6150 3050 52
1 4 11225 11348 9391 9337
1 8 11225 11377 3216 3385 1350 12242 12270 12298
2 5 11253 296 9322 3353 9250
2 2 11253 6103
2 4 11293 3342 9310 6313
2 4 11293 3359 11303 385
2 5 11293 3342 303 3396 9303
2 3 11318 9335 6336
1 6 11318 11264 247 3234 3395 6377
2 2 11318 11360
2 4 11338 9356 11362 3290
2 12 11338 378 9311 3202 6362 3322 6284 11363 6329 3266 3389 367
2 8 11338 378 9311 3202 6362 6410 9298 11344
2 6 11368 9355 9384 6411 3335 3226
1 8 11368 11214 384 356 3346 6398 6369 6317
2 4 11368 11310 11244 3580
2 2 11370 294
2 8 11370 216 386 331 3293 6319 9249 546
2 5 11398 11413 442 6499 6522
2 7 11398 9412 9567 6590 6576 11511 3569
2 5 11398 11554 11539 11522 541
1 7 11402 6513 9524 11445 3397 6488 589
1 3 11402 526 6377
1 3 11402 6513 564
4 7 11450 11459 11476 9565 3431 9464 6528
3 4 11450 9488 547 523
4 3 11465 9867 11613
2 4 11465 11616 11600 6657
2 5 11479 491 11427 11550 3743
2 4 11479 9468 9494 6522
2 8 11479 491 11427 3562 3407 3577 565 11686
2 4 11479 491 9454 572
1 7 11479 9468 6431 11536 11691 6586 6573
2 4 11483 3536 9500 11420
2 3 11505 9428 478
2 4 11505 6521 375 9456
2 5 11505 11444 3258 293 321
2 6 11505 3207 3312 349 3340 9388
2 5 11505 9496 3473 6236 9387
2 5 11506 11491 6949 551 13011
2 4 11506 9534 6569 11563
2 4 11506 9534 6585 11420
2 8 11514 6593 9493 9554 6579 3556 11341 3309
2 7 11514 3570 3511 6509 3483 491 11479
2 6 11514 3570 3511 6509 6557 572
2 4 11516 521 6529 9503
1 4 11516 5291 3546 13011
1 3 11516 11502 9559
1 4 11516 11642 6698 9642
1 3 11516 11642 698
2 7 11531 9575 3423 11494 529 9482 495
2 4 11531 563 3558 589
1 3 11531 11502 9559
2 3 11542 6418 6592
2 4 11542 6440 469 573
2 2 11577 3617
2 3 11581 3592 3601
2 5 11581 9611 6672 11630 686
2 4 11581 3596 6619 9588
2 5 11581 624 9595 6647 11577
2 4 11581 3654 9596 3631
1 2 11583 6634
2 7 11584 628 9613 6673 11612 3673 653
2 5 11584 9582 11734 9752 6790
2 3 11584 9582 6793
2 6 11584 628 3657 671 11618 9633
2 4 11584 628 6626 599
2 3 11613 3659 629
2 6 11613 9478 3509 553 9578 11563
1 4 11639 676 11622 9640
1 6 11639 676 11622 662 11608 9606
1 7 11650 6717 11660 706 3894 3878 859
1 4 11650 6717 1436 9693
4 2 11653 9515
3 3 11653 3705 6540
4 5 11653 692 11620 9636 9633
3 4 11653 3705 708 11499
1 5 11655 9701 6706 3076 687
2 5 11658 9713 6699 6694 6876
3 2 11666 704
2 5 11666 6739 3718 557 3569
2 3 11666 6739 9692
1 2 11674 11645
2 4 11683 574 11561 6423
1 4 11686 9683 6743 6727
1 4 11686 3707 723 9716
2 5 11702 6775 11720 11565 9737
2 7 11702 6775 11720 6792 595 11582 629
2 4 11702 6766 943 6917
1 4 11707 6749 9703 11688
2 2 11710 758
1 2 11724 759
1 3 11735 6626 599
2 2 11746 886
2 6 11751 9904 11846 923 9826 819
2 4 11751 6862 6875 11833
2 4 11751 9794 6926 925
2 4 11751 9794 3910 9838
1 6 11757 7517 12374 7986 10783 3834
1 5 11757 7517 1562 12461 1892
1 3 11760 11791 689
1 5 11760 6855 827 9808 6850
2 4 11784 9806 6871 11811
1 6 11800 4442 6890 9825 659 11760
1 3 11800 3802 6850
1 5 11818 3526 6857 9818 3937
1 5 11818 3526 6886 907 3882
1 3 11818 3936 9930
2 6 11833 6875 9750 3885 6926 925
2 4 11834 11849 11877 9898
2 3 11848 9799 6864
2 7 11848 4112 7130 10038 9941 10122 10007
1 2 11851 931
1 2 11851 3846
2 5 11853 652 7470 6935 864
2 3 11853 9886 9932
2 5 11853 6991 789 7454 3653
2 4 11867 947 3851 11811
1 3 11894 975 9932
1 4 11899 6799 9591 9588
1 3 11899 953 9894
1 4 11899 953 11858 9809
1 5 11899 982 3956 3984 11583
2 4 11918 12014 10080 1120
2 6 11918 7159 12350 1448 4156 10057
2 4 11918 7159 12350 13143
2 7 11921 10026 7005 11957 12039 1189 1149
2 4 11929 11968 12010 7179
2 5 11929 4616 7662 7593 4544
2 5 11929 4162 2843 12050 4245
2 6 11929 4616 10443 10389 10349 8010
3 3 11944 12093 10102
1 3 11954 4120 7063
2 4 11969 10091 7162 11921
1 4 11979 1155 12049 4073
2 5 11991 1096 7146 1195 1055
2 7 11991 7191 10101 4173 1171 11994 7222
2 5 11991 7191 7120 10076 12052
2 5 11991 7191 7120 996 11913
1 2 12004 4073
2 3 12031 7212 4197
2 3 12031 7072 9965
4 2 12046 10876
2 5 12046 2097 12855 829 5050
3 4 12046 3795 1600 10106
3 4 12046 3795 12372 901
2 4 12046 2097 10793 5098
1 6 12051 7065 4046 7166 11939 1145
2 5 12052 10076 1089 11982 11913
1 5 12071 1064 11999 1206 12771
3 3 12076 7014 12052
2 7 12084 1006 10084 1138 4113 10012 4070
2 4 12086 1612 9934 4009
1 3 12090 1142 9991
1 3 12090 1014 4059
2 3 12098 12066 9990
2 4 12098 10027 9856 11837
2 4 12100 989 4116 4150
2 8 12100 1111 4154 4933 7908 1989 4022 7203
1 5 12101 1033 2095 10835 7934
2 3 12116 1234 4241
2 4 12125 4566 7544 7572
1 2 12159 4286
2 7 12189 7266 3963 12136 1343 9733 4404
2 9 12264 12431 12417 1374 4539 1520 1390 12332 1464
2 5 12264 10438 10425 12360 4511
2 4 12264 12431 12417 1592
3 2 12282 7446
3 5 12282 4501 1383 8023 7965
2 3 12282 7606 1884
2 5 12297 10326 1390 12332 1464
2 6 12297 4397 10016 11936 1185 4075
1 4 12306 8192 8251 12984
2 4 12329 7657 4638 4581
2 8 12329 10508 12487 1382 4389 7335 7407 10292
2 3 12333 12491 4599
1 5 12333 8099 10414 7924 9605
2 5 12335 12492 12464 1082 4425
2 4 12335 10486 1581 10514
2 3 12341 10861 3960
2 2 12341 10337
2 7 12341 5022 6798 12728 4955 10894 10740
2 6 12348 10363 7578 1811 1502 12485
2 5 12348 7648 4222 4873 10647
1 6 12357 9657 926 7829 4029 1849
1 6 12357 12456 1560 9910 7306 7458
1 2 12364 10515
1 6 12364 10402 10390 8208 10985 12942
2 3 12366 12395 10514
1 3 12366 10349 8010
1 10 12386 7585 7269 4593 1602 1617 4635 12107 10954 5135
1 6 12386 7585 1546 4552 10396 12371
1 2 12419 10697
2 6 12420 7574 9946 10428 10060 10088
1 3 12450 1539 11674
1 3 12450 12320 1636
1 7 12450 12320 3564 10472 10403 7454 3653
1 5 12450 12320 6997 4755 1896
1 5 12458 1503 1559 7599 1453
1 4 12458 12778 6803 1618
3 4 12473 12029 1088 10087
2 3 12473 806 11746
2 5 12473 7671 3942 2013 901
2 3 12485 1588 12618
2 6 12485 4876 10638 1743 12629 10647
2 8 12485 4876 7894 10567 4852 7697 4719 4677
1 2 12489 12458
1 5 12489 10477 7586 12463 10370
1 6 12489 10477 4625 7615 1987 12501
1 5 12489 10477 4625 4540 4449
1 5 12501 12670 8083 10657 7791
1 4 12501 10824 10192 12735
1 6 12501 12670 1987 7615 4540 4449
1 7 12518 4810 4881 7772 4752 12694 1748
2 6 12521 9512 7774 4659 7833 1812
2 9 12536 7861 7655 4767 4827 7793 4771 12542 12672
2 6 12536 4789 4793 7886 10712 12563
2 5 12536 7789 12174 4681 7849
2 7 12536 7789 1718 10613 7815 4724 7744
1 3 12547 4696 1833
1 3 12547 12692 12419
1 5 12547 12589 10415 4528 5154
1 4 12547 12589 10415 10442
1 4 12563 10580 1685 1369
1 4 12563 4690 10646 10627
1 5 12563 10649 1816 1702 4800
1 4 12563 10639 4724 7744
1 4 12563 12628 7713 1813
1 3 12566 1836 1752
2 5 12583 1825 4316 1483 2058
1 3 12583 4773 7711
1 5 12586 1683 12516 7840 4749
1 3 12586 9892 1678
1 4 12586 10676 4757 1352
3 5 12594 4661 10235 1287 10292
1 4 12594 7680 1779 4800
1 3 12601 12529 10680
1 4 12601 10619 7795 7711
2 3 12605 7717 1762
2 3 12618 7832 7763
2 9 12618 1847 7873 4809 12537 10541 12543 12660 7691
1 3 12620 1875 1747
1 4 12620 7862 4772 1752
1 6 12633 7888 12535 1789 10556 9616
1 3 12633 7888 4865
1 3 12663 3481 4739
1 5 12663 12603 4759 7877 12566
1 6 12672 7837 1856 7882 7750 7849
1 3 12672 1784 1757
1 2 12674 13271
1 3 12683 12551 12518
1 3 12683 1865 10540
1 7 12715 4904 12867 2021 10889 12810 10732
1 3 12715 4965 2077
1 2 12731 10919
1 3 12731 12874 12762
1 2 12731 12900
1 4 12731 2050 4952 8034
1 4 12735 7422 4756 7480
1 5 12736 8119 7964 12859 1892
1 2 12742 10862
1 2 12742 5013
1 2 12742 10803
1 6 12746 2051 8032 4887 12755 1965
1 5 12746 2051 8032 5066 10730
1 3 12746 5052 2008
1 3 12746 5052 10172
1 3 12746 12873 10895
1 3 12746 12873 7921
1 2 12763 12717
1 6 12766 13250 12723 5017 2003 2046
1 4 12766 8043 4985 8124
2 5 12777 12786 10751 7334 4987
2 6 12777 12786 2005 10332 4410 5096
2 3 12777 9973 1983
1 2 12785 10862
2 2 12789 4318
1 5 12793 4825 4660 6642 12450
1 5 12793 10454 11704 1610 11674
1 2 12793 1896
1 3 12793 2071 9816
3 3 12794 12851 10836
4 4 12794 8116 7954 5101
2 5 12794 4927 12751 10829 2012
1 3 12794 8065 5013
2 3 12794 5045 8008
2 3 12794 5045 5070
1 3 12795 9986 2024
1 4 12795 1516 1817 10594
1 4 12795 1968 12677 5199
1 2 12798 8047
1 4 12798 10888 8149 13289
1 4 12798 8075 2007 5026
2 7 12806 10743 10784 2088 12723 13250 12766
2 5 12806 10743 10784 2088 2046
2 3 12806 10795 2016
1 4 12809 1986 2039 13082
1 3 12830 6008 3109
1 4 12835 10769 13088 5021
1 5 12835 7973 10738 12804 10172
1 5 12835 7973 10800 12850 10830
1 4 12835 7973 10853 7921
1 2 12843 12785
1 2 12843 10919
1 3 12843 12874 12762
1 5 12853 12999 10874 2035 4980
1 2 12853 5220
1 2 12865 8017
1 6 12871 4893 4958 5003 10742 9605
1 5 12871 2062 12895 2070 13082
1 4 12871 2017 1948 2101
1 3 12883 1923 8073
1 4 12883 5037 4981 7934
2 3 12891 12834 4989
2 4 12891 12747 12858 1909
1 2 12900 8034
1 2 12910 7567
1 3 12910 12918 8249
1 3 12923 8140 12987
1 2 12933 5220
2 2 12935 2193
1 3 12935 5177 8245
1 5 12942 11022 12978 13309 8216
2 4 12950 5155 2120 12935
1 3 12950 12986 13209
2 2 12950 5199
1 4 12951 10959 5148 2111
1 5 12951 2181 10945 12977 12923
1 4 12951 10959 5115 12987
1 5 12951 8224 4587 2109 8181
1 4 12951 5200 10973 8203
1 3 12951 11023 2152
1 7 12951 2181 10994 11003 11008 10947 10513
1 3 12951 5200 12916
1 2 12960 13292
1 3 12979 10987 2174
1 3 12979 5179 12930
1 3 12979 2160 12916
2 3 12981 13373 8248
2 3 12981 13371 12795
2 5 12981 13371 10025 12945 5117
1 4 12981 13371 9986 2024
1 4 12981 5158 12958 12985
1 2 12981 2126
1 5 12981 7548 8054 12677 5199
1 2 12985 8138
1 4 12985 12921 8136 10957
1 4 12985 12958 10966 2126
1 6 12987 12959 13281 2168 12999 12853
1 7 12987 12959 13281 5151 12947 2150 12933
1 4 12989 3854 4171 2220
1 3 12989 3854 9962
1 5 12989 3854 1181 12847 1950
1 3 12989 12929 11145
1 5 12989 12929 5160 10860 5196
1 2 12994 5171
1 5 12997 12983 2212 10970 13289
1 3 12997 2225 5202
1 4 12997 12983 5190 8199
1 5 12997 2162 8160 8191 10940
1 6 13011 11732 3533 6531 9658 9642
2 5 13011 11549 9561 6585 11420
1 2 13063 5264
2 5 13068 6598 9431 9498 3211
2 3 13068 11419 6496
1 4 13082 2070 12895 2101
1 4 13091 4848 7869 3606
1 4 13091 4848 10707 13203
3 5 13143 7097 10517 7101 7279
3 6 13143 7097 10517 7101 7434 12086
2 3 13206 318 3309
2 4 13206 318 3281 3392
2 2 13206 347
1 3 13209 1846 10594
1 5 13255 9914 11762 867 3882
1 8 13255 3884 11767 914 9805 9916 11786 863
1 3 13255 9780 9809
1 6 13255 9914 11762 9849 9874 9890
1 5 13288 13287 13086 10952 2174
1 6 13288 13287 13086 5131 13303 8217
1 4 13289 8149 5162 8199
1 4 13289 13291 2007 5026
1 6 13308 11001 13311 10965 10986 2106
1 2 13308 8216
1 5 13308 11001 13311 10944 12979
1 4 13308 13310 13304 2174
1 6 13308 11001 13311 10965 12943 2209
1 3 13308 13310 5171
4 5 13375 11407 6537 11519 13068
2 4 13375 3488 9522 587
3 4 13375 9418 5291 11516
4 6 13375 11407 6537 11562 6500 6496
4 6 13375 11407 9444 13081 11606 11483
4 5 13375 11407 9444 9472 13011
4 4 13375 6583 9575 11531
4 3 13375 6583 9559
3 8 13375 11407 9444 13081 3447 3402 454 11420
