1 6
1 52
1 71
1 78
1 91
1 104
1 158
1 162
1 165
1 177
1 194
1 207
1 223
1 242
1 265
1 291
1 294
1 312
1 321
1 323
1 333
1 342
1 346
1 347
1 367
1 372
1 377
1 383
1 385
1 389
1 402
1 413
1 453
1 478
1 488
1 495
1 506
1 508
1 512
1 520
1 523
1 525
1 528
1 541
1 546
1 564
1 567
1 572
1 573
1 587
1 589
1 599
1 603
1 620
1 629
1 642
1 648
1 650
1 653
1 657
1 663
1 684
1 686
1 687
1 689
1 698
1 704
1 714
1 730
1 740
1 743
1 747
1 757
1 759
1 770
1 772
1 788
1 792
1 818
1 819
1 859
1 863
1 864
1 868
1 870
1 878
1 885
1 886
1 901
1 919
1 921
1 925
1 931
1 932
1 940
1 949
1 964
1 980
1 987
1 988
1 1013
1 1025
1 1034
1 1046
1 1055
1 1067
1 1068
1 1070
1 1083
1 1092
1 1093
1 1106
1 1120
1 1121
1 1145
1 1149
1 1170
1 1179
1 1182
1 1199
1 1202
1 1205
1 1297
1 1305
1 1308
1 1316
1 1323
1 1342
1 1352
1 1363
1 1367
1 1369
1 1373
1 1384
1 1386
1 1410
1 1424
1 1444
1 1445
1 1453
1 1459
1 1464
1 1468
1 1488
1 1492
1 1509
1 1521
1 1570
1 1573
1 1576
1 1592
1 1594
1 1595
1 1599
1 1614
1 1618
1 1636
1 1650
1 1652
1 1658
1 1678
1 1697
1 1709
1 1725
1 1727
1 1736
1 1747
1 1748
1 1752
1 1757
1 1762
1 1783
1 1812
1 1813
1 1814
1 1821
1 1827
1 1833
1 1849
1 1866
1 1877
1 1884
1 1891
1 1892
1 1896
1 1900
1 1909
1 1933
1 1944
1 1950
1 1959
1 1961
1 1963
1 1965
1 1976
1 1983
1 1984
1 2008
1 2012
1 2014
1 2015
1 2016
1 2022
1 2023
1 2024
1 2025
1 2028
1 2029
1 2041
1 2046
1 2056
1 2058
1 2077
1 2078
1 2086
1 2089
1 2091
1 2094
1 2101
1 2103
1 2106
1 2111
1 2115
1 2123
1 2126
1 2152
1 2161
1 2174
1 2189
1 2193
1 2197
1 2209
1 2220
1 2227
1 2228
1 2407
1 2947
1 2996
1 3010
1 3022
1 3065
1 3092
1 3109
1 3122
1 3124
1 3151
1 3152
1 3164
1 3211
1 3226
1 3230
1 3259
1 3260
1 3279
1 3290
1 3309
1 3314
1 3320
1 3331
1 3352
1 3369
1 3379
1 3388
1 3392
1 3412
1 3427
1 3455
1 3460
1 3490
1 3513
1 3520
1 3530
1 3535
1 3559
1 3569
1 3580
1 3601
1 3606
1 3617
1 3631
1 3652
1 3653
1 3663
1 3668
1 3672
1 3682
1 3712
1 3717
1 3734
1 3743
1 3771
1 3775
1 3778
1 3780
1 3790
1 3823
1 3834
1 3838
1 3844
1 3846
1 3874
1 3882
1 3883
1 3890
1 3923
1 3924
1 3932
1 3937
1 3954
1 3957
1 3960
1 3962
1 3981
1 3986
1 3988
1 4003
1 4009
1 4052
1 4059
1 4070
1 4073
1 4075
1 4076
1 4082
1 4104
1 4111
1 4140
1 4141
1 4149
1 4150
1 4155
1 4168
1 4172
1 4178
1 4181
1 4189
1 4197
1 4206
1 4237
1 4241
1 4242
1 4245
1 4273
1 4286
1 4291
1 4318
1 4329
1 4334
1 4345
1 4361
1 4363
1 4371
1 4372
1 4373
1 4404
1 4412
1 4425
1 4445
1 4449
1 4455
1 4458
1 4468
1 4469
1 4511
1 4512
1 4516
1 4533
1 4534
1 4544
1 4565
1 4568
1 4569
1 4570
1 4580
1 4581
1 4598
1 4599
1 4607
1 4619
1 4641
1 4669
1 4677
1 4682
1 4723
1 4728
1 4739
1 4749
1 4751
1 4783
1 4785
1 4800
1 4801
1 4817
1 4860
1 4865
1 4872
1 4897
1 4908
1 4925
1 4953
1 4964
1 4968
1 4980
1 4982
1 4987
1 4993
1 4997
1 5010
1 5013
1 5021
1 5026
1 5029
1 5033
1 5034
1 5036
1 5046
1 5050
1 5070
1 5074
1 5090
1 5096
1 5097
1 5098
1 5101
1 5103
1 5105
1 5107
1 5117
1 5135
1 5139
1 5154
1 5164
1 5166
1 5168
1 5169
1 5171
1 5173
1 5196
1 5199
1 5201
1 5202
1 5230
1 5231
1 5264
1 6020
1 6039
1 6040
1 6045
1 6050
1 6103
1 6104
1 6115
1 6160
1 6217
1 6235
1 6245
1 6249
1 6258
1 6285
1 6287
1 6296
1 6313
1 6314
1 6317
1 6318
1 6324
1 6332
1 6345
1 6377
1 6384
1 6389
1 6390
1 6391
1 6423
1 6450
1 6496
1 6516
1 6522
1 6528
1 6535
1 6540
1 6547
1 6554
1 6573
1 6592
1 6613
1 6634
1 6685
1 6686
1 6696
1 6703
1 6704
1 6710
1 6711
1 6714
1 6727
1 6732
1 6742
1 6752
1 6790
1 6793
1 6812
1 6845
1 6850
1 6864
1 6876
1 6878
1 6896
1 6897
1 6914
1 6917
1 6932
1 6938
1 6946
1 6963
1 6984
1 6985
1 6993
1 6994
1 7011
1 7013
1 7045
1 7054
1 7063
1 7079
1 7081
1 7085
1 7107
1 7109
1 7121
1 7125
1 7126
1 7132
1 7137
1 7169
1 7170
1 7177
1 7179
1 7183
1 7185
1 7203
1 7209
1 7222
1 7279
1 7302
1 7315
1 7328
1 7329
1 7341
1 7361
1 7375
1 7376
1 7386
1 7387
1 7394
1 7400
1 7415
1 7446
1 7458
1 7459
1 7462
1 7477
1 7480
1 7564
1 7572
1 7584
1 7588
1 7605
1 7630
1 7638
1 7653
1 7658
1 7660
1 7668
1 7669
1 7677
1 7691
1 7711
1 7744
1 7763
1 7765
1 7786
1 7791
1 7796
1 7798
1 7816
1 7825
1 7827
1 7849
1 7855
1 7858
1 7892
1 7912
1 7916
1 7921
1 7934
1 7935
1 7936
1 7953
1 7959
1 7963
1 7965
1 7982
1 7995
1 7996
1 8006
1 8007
1 8008
1 8010
1 8011
1 8017
1 8021
1 8034
1 8038
1 8039
1 8045
1 8047
1 8052
1 8055
1 8056
1 8058
1 8073
1 8084
1 8085
1 8087
1 8113
1 8117
1 8122
1 8124
1 8138
1 8143
1 8148
1 8181
1 8193
1 8199
1 8203
1 8205
1 8214
1 8215
1 8216
1 8217
1 8228
1 8236
1 8245
1 8248
1 8249
1 8435
1 9041
1 9045
1 9084
1 9097
1 9100
1 9104
1 9122
1 9151
1 9161
1 9195
1 9201
1 9209
1 9221
1 9250
1 9258
1 9265
1 9269
1 9291
1 9292
1 9294
1 9296
1 9297
1 9303
1 9329
1 9337
1 9347
1 9385
1 9387
1 9388
1 9392
1 9417
1 9450
1 9456
1 9457
1 9467
1 9477
1 9503
1 9508
1 9515
1 9526
1 9528
1 9529
1 9559
1 9570
1 9588
1 9598
1 9603
1 9605
1 9606
1 9616
1 9617
1 9620
1 9633
1 9640
1 9642
1 9660
1 9663
1 9692
1 9693
1 9716
1 9737
1 9764
1 9772
1 9783
1 9784
1 9786
1 9809
1 9816
1 9817
1 9833
1 9847
1 9853
1 9875
1 9890
1 9894
1 9896
1 9898
1 9902
1 9906
1 9907
1 9930
1 9932
1 9945
1 9951
1 9958
1 9962
1 9965
1 9975
1 9991
1 10000
1 10007
1 10013
1 10024
1 10029
1 10030
1 10057
1 10061
1 10070
1 10074
1 10087
1 10088
1 10102
1 10106
1 10110
1 10126
1 10135
1 10142
1 10148
1 10172
1 10183
1 10203
1 10222
1 10223
1 10230
1 10236
1 10239
1 10240
1 10255
1 10267
1 10278
1 10279
1 10292
1 10309
1 10314
1 10337
1 10339
1 10362
1 10370
1 10400
1 10407
1 10419
1 10442
1 10444
1 10447
1 10479
1 10480
1 10492
1 10496
1 10503
1 10513
1 10514
1 10515
1 10566
1 10594
1 10616
1 10623
1 10627
1 10640
1 10641
1 10642
1 10647
1 10655
1 10671
1 10674
1 10678
1 10680
1 10682
1 10695
1 10696
1 10697
1 10726
1 10730
1 10732
1 10737
1 10740
1 10747
1 10750
1 10752
1 10756
1 10762
1 10765
1 10772
1 10807
1 10814
1 10827
1 10830
1 10831
1 10836
1 10837
1 10855
1 10862
1 10875
1 10876
1 10886
1 10895
1 10906
1 10912
1 10919
1 10924
1 10928
1 10929
1 10933
1 10940
1 10946
1 10948
1 10957
1 10962
1 10968
1 10972
1 10978
1 10980
1 10993
1 11007
1 11105
1 11110
1 11117
1 11145
1 11147
1 11159
1 11197
1 11202
1 11225
1 11253
1 11291
1 11293
1 11318
1 11338
1 11344
1 11360
1 11368
1 11370
1 11398
1 11402
1 11408
1 11420
1 11450
1 11465
1 11479
1 11483
1 11499
1 11505
1 11506
1 11514
1 11516
1 11531
1 11542
1 11555
1 11563
1 11577
1 11581
1 11583
1 11584
1 11613
1 11639
1 11645
1 11650
1 11653
1 11654
1 11655
1 11658
1 11666
1 11674
1 11683
1 11686
1 11688
1 11702
1 11707
1 11710
1 11724
1 11735
1 11746
1 11751
1 11757
1 11760
1 11782
1 11784
1 11800
1 11830
1 11833
1 11834
1 11848
1 11851
1 11853
1 11867
1 11894
1 11899
1 11905
1 11913
1 11918
1 11929
1 11941
1 11944
1 11969
1 11979
1 11991
1 12004
1 12031
1 12046
1 12051
1 12052
1 12064
1 12071
1 12076
1 12084
1 12086
1 12090
1 12098
1 12100
1 12101
1 12110
1 12116
1 12125
1 12188
1 12189
1 12232
1 12264
1 12268
1 12275
1 12279
1 12282
1 12298
1 12306
1 12329
1 12333
1 12335
1 12341
1 12348
1 12357
1 12364
1 12366
1 12371
1 12386
1 12419
1 12420
1 12446
1 12450
1 12458
1 12473
1 12485
1 12489
1 12497
1 12501
1 12518
1 12521
1 12536
1 12563
1 12566
1 12583
1 12586
1 12594
1 12601
1 12605
1 12618
1 12620
1 12633
1 12663
1 12672
1 12674
1 12683
1 12699
1 12702
1 12705
1 12715
1 12717
1 12731
1 12735
1 12736
1 12742
1 12746
1 12748
1 12762
1 12763
1 12771
1 12777
1 12785
1 12789
1 12793
1 12794
1 12795
1 12798
1 12806
1 12809
1 12823
1 12830
1 12835
1 12841
1 12843
1 12853
1 12865
1 12868
1 12871
1 12883
1 12891
1 12900
1 12910
1 12916
1 12923
1 12930
1 12933
1 12935
1 12942
1 12950
1 12951
1 12960
1 12979
1 12981
1 12984
1 12985
1 12987
1 12989
1 12994
1 12997
1 13011
1 13063
1 13068
1 13082
1 13087
1 13091
1 13143
1 13203
1 13206
1 13209
1 13247
1 13255
1 13288
1 13289
1 13308
1 13320
1 13340
1 13349
1 13350
1 13375
